0.0012336181901805
0.0017659087436394
0.0017685353867341
0.0020719831216101
0.0021150999626576
0.0023237443870593
0.0028737744108606
0.002931910369432
0.0030626035363875
0.0032743342117176
0.0033700126309641
0.0033877775864728
0.0034270996981796
0.0035067570169037
0.003594330907049
0.0036870494069143
0.0037870903861771
0.0038799163765836
0.0040539396463671
0.0041826647447711
0.0044093420629554
0.004423760959152
0.004463272352112
0.0045150982976895
0.0046065594405837
0.0049409625707227
0.0051223816313415
0.0051297025906485
0.0052012087954858
0.0052388537574767
0.0052736423880961
0.0052746926604748
0.0052970420056104
0.0053113386590259
0.005379899403731
0.0054208369560064
0.0054954306069897
0.0055940313198078
0.0056844067820377
0.0057463374979071
0.0058096540771735
0.0058614261394573
0.0058763204906577
0.0060052856478468
0.0060433560596749
0.006045958875263
0.0060716099220582
0.0060905520974023
0.0061179641980261
0.0061197274138729
0.0062232982651041
0.0062893390877576
0.0063467124352016
0.0065360901217583
0.0066559847165145
0.0067838756968909
0.006852855368803
0.0069585720893885
0.006958702941784
0.0070562121731905
0.0070840980494161
0.0072905361840165
0.0072959226698577
0.0073037752945524
0.0074954418101045
0.0076535810987086
0.0077209470422181
0.0077319672230362
0.0077546964209043
0.0077940698290384
0.0079247834027237
0.0079484386516513
0.0080453556314785
0.0081097960860401
0.0081960834802058
0.00821635897775
0.0082430954654939
0.00825746292454
0.0082627154251151
0.0083158886738155
0.008427597762564
0.0084775372710396
0.0085496409924802
0.0086395295068696
0.0086407184684191
0.0087945690622064
0.0087971996072327
0.0090310541257756
0.0090370234090038
0.009038354152546
0.0091386423442215
0.0091583583875771
0.0093423494485982
0.0093710316381307
0.0094187647061871
0.0094919387958824
0.0095418940800401
0.0095664139477829
0.0096409834360411
0.0098502127373029
0.010044700269109
0.01035687549797
0.010525931053588
0.010551473436279
0.010593832763882
0.010620856966941
0.010858712782906
0.011177099730143
0.011329164595624
0.011552225158677
0.011631591281671
0.011889565833295
0.011944996416694
0.01196560864916
0.012010814947451
0.012176711736239
0.012177358188174
0.012608695874816
0.012706381364781
0.012836750056414
0.012849995654088
0.012912105483199
0.012958931471231
0.01304374696342
0.013199540770025
0.013219875499676
0.013247825372205
0.013287809272956
0.013486023538085
0.013764044345411
0.013855167016571
0.013866641847135
0.013972130135757
0.014095605648402
0.014149869308791
0.0141923776577
0.014207401377369
0.014232867371688
0.01426653876371
0.014274948277463
0.014283072090148
0.014318379427037
0.014406835315253
0.014462494125599
0.014536768622215
0.014561692204478
0.014567442291003
0.0146093507433
0.014688884017287
0.014711741775917
0.014734400150271
0.014747119633634
0.014801660996064
0.014870653872711
0.014872965629941
0.015140769998302
0.015217345073804
0.015306149771631
0.015386438357686
0.015437909329053
0.015521153163469
0.015652448776914
0.015744345918255
0.015750778066373
0.015830543766478
0.015932156945774
0.015944629228904
0.015956230135552
0.016027280944064
0.016109555201722
0.016111117062554
0.016112444379678
0.016122747376163
0.016210294237486
0.016264374260435
0.016289053663005
0.016316629481856
0.016444489960158
0.016617923925835
0.016698835164961
0.016818759495498
0.016823464332943
0.017004870144563
0.017007825943008
0.017046169750384
0.017081435721917
0.017150313222101
0.017218013202862
0.017271369641118
0.017376991151377
0.017403592920021
0.017409648098974
0.017523238299884
0.017602171861057
0.017665032232212
0.017758250759206
0.017761740334633
0.017796729182081
0.017849951451439
0.017855473821545
0.018089257162706
0.018332821024921
0.018461141044866
0.018629353291624
0.01868271917832
0.019032501564199
0.019203037786627
0.019481629521202
0.019548173654215
0.019548816906321
0.019750549748026
0.019829672313563
0.02080206291284
0.020901879658832
0.042168826797281
0.042701117350739
0.042703743993834
0.04300719172871
0.043050308569758
0.043258952994159
0.043808983017961
0.043867118976532
0.043997812143487
