2.0012908545962
2.0037186765775
2.008417449321
2.0152535942406
2.0215515890183
2.0236614918018
2.0291411471705
2.0587960787518
2.059620098268
2.0659782480206
2.0660107203422
2.0660109719311
2.0660209524993
2.0660435938252
2.0660831166453
2.0660979116724
2.0661130250174
2.0661654080286
2.0662246474485
2.0724196079879
2.0754372615295
2.07546767241
2.0755001358058
2.0858665389787
2.1082272124511
2.1475332851077
2.1543043724936
2.1593433947675
2.1657462674105
2.1658128323155
2.1660776055649
2.1664791147454
2.1665113030855
2.1665267595151
2.1665959463651
2.166607873082
2.1667870604832
2.1668175787064
2.1669333315313
2.1669448585922
2.1892869943379
2.1968097932701
2.1968356743062
2.1968811742792
2.1969493698907
2.1973951441829
2.1974959186476
2.1975678891997
2.1976587395615
2.1976963944656
2.1976966651497
2.1977572617359
2.1977702138848
2.1977710800485
2.1977833881759
2.1978022662672
2.1978024512775
2.1978660789599
2.1978783629943
2.1978809131059
2.1980593364607
2.1981661481688
2.1981855091402
2.1985621436352
2.1994835026736
2.1999432803805
2.2000618389057
2.2001305747108
2.2001394003092
2.2001408028448
2.2001471205184
2.2001550277287
2.2001590163439
2.2001608037183
2.2001922417081
2.2002284134408
2.2002301201891
2.2002326851317
2.2002407841106
2.2002927756023
2.2003114181896
2.20035764727
2.2003778354267
2.2005671242139
2.2340677386169
2.2362952259333
2.2370707328575
2.2550168395245
2.2563689200015
2.2635353305331
2.2691569968398
2.2832294778037
2.3155679418653
2.3156672257923
2.3157189649004
2.315848434278
2.3158566366178
2.3159887932742
2.316030081189
2.31608041379
2.3163032063107
2.3163650762081
2.316396346013
2.316413481065
2.3165366576183
2.3165452386178
2.3165648945502
2.316572271928
2.3166323484137
2.316634940597
2.3166531103065
2.3166978486048
2.3167143666367
2.3167347288903
2.3167467381115
2.3167470995644
2.3167648091068
2.3167743151321
2.3167771046887
2.3167811263481
2.3167823236483
2.3167862694068
2.3168054803642
2.3168072827191
2.3168393908579
2.3170335347675
2.3175404248865
2.3188776009224
2.3189014669607
2.3189337818814
2.3189364726775
2.318958290126
2.3189657603508
2.3190118111439
2.3190166780484
2.3190238346783
2.3190358666927
2.319037327665
2.3190524931638
2.3190530181731
2.3190753227395
2.3190767862084
2.3190986745809
2.3191012041417
2.3191081272138
2.3191184194933
2.3191385498405
2.3191427235514
2.3191508959516
2.3191575141831
2.3191963610844
2.3204908868439
2.3225436763354
2.3283667134286
2.3292845651564
2.3317669267485
2.3328175508164
2.343468019653
2.3447899753964
2.3448078106685
2.3478795617502
2.3523740283788
2.3604878090659
2.3691319255119
2.3752372328568
2.3765800705565
2.3765891588365
2.3766330716091
2.3766469347314
2.3766504342852
2.376940833535
2.3769529751552
2.3778270759728
2.3934253334836
2.4108092381702
2.4201470939961
2.4278539937243
2.4440253166999
2.4608825549523
2.4608946815035
2.4614153733842
2.4980448003829
2.4980544119146
2.4980642592909
2.4980702226888
2.4980835488981
2.4980905422023
2.4981483731196
2.498148831018
2.4981488751177
2.4991547597034
2.4991573176652
2.4991624407958
2.4991810659118
2.4991882701171
2.4992001948926
