0.0035967720944742
0.003716099363178
0.042297307065054
0.053150153156271
0.053669596819578
0.053743721159201
0.053752408166878
0.053976080963923
0.10179042210962
0.10188271779158
0.10203354128181
0.10207275579602
0.10209689337916
0.15358002664431
0.15360452166545
0.16007137090806
0.16011232935348
0.16017696155964
0.16019124120362
0.16021873402215
0.16021992583635
0.16022509130467
0.16022884870437
0.16023069530094
0.1602401986104
0.16024253364957
0.16025021430769
0.16026891358804
0.16027801799427
0.16029264475204
0.16030096311526
0.16106309134078
0.17871822359256
0.17907832084865
0.17981018220263
0.18032434517009
0.18033290956336
0.18047834539002
0.18052492821082
0.18054170516361
0.18080142735803
0.18331242572269
0.18333811167186
0.18335901844288
0.18337877309218
0.18339646555769
0.18340769810434
0.18340898909243
0.18341217966177
0.18342623194613
0.18343239384318
0.18344793507032
0.18346081620306
0.18441802133235
0.18443218597087
0.18447904427645
0.18448058334136
0.18449116721323
0.18491614708726
