1.0157105828501
1.0464505514763
1.0585636184405
1.0585939252866
1.0586967783548
1.0588821981674
1.0589133088708
1.0589171021337
1.058926251949
1.0589880512754
1.0590703612101
1.0590769165172
1.0590996154227
1.0591083776724
1.0591352355992
1.063467792279
1.1026076568725
1.1028744629379
1.1030458793837
1.1031030029311
1.1031096105928
1.1031642662714
1.1031900911934
1.1307231315193
1.1317954202093
1.1318134553661
1.1318343835049
1.1325572657623
1.1325702963271
1.1337522100329
1.1341763847211
1.1347359357763
1.1367824423862
1.1369388544363
1.1369474061018
1.1369641271056
1.1369929375599
1.1370051701981
1.1370075833828
1.1371080133128
1.1371272312705
1.1371507798199
1.1371735335636
1.1371826585559
1.1371869206369
1.1371972297481
1.13731212861
1.137338805126
1.1373718832802
1.1374511943428
1.1532448061844
1.1533060054405
1.1533250347828
1.1573748094781
1.1574110169502
