8.5409874196373E-6
2.5803574195643E-5
4.2014654956547E-5
4.5767914679559E-5
8.7982188941816E-5
0.00013670513311334
0.0064236136605648
0.0064261266574476
0.0064376918524083
0.0064631973823103
0.0064866130053511
0.0064883530988186
0.01057916391259
0.010789381565371
0.010838423052754
0.010846650228132
0.010853988752029
0.03518609110044
0.051307474115217
0.051542446401779
0.051548362379751
0.051565572628613
0.05158626494086
0.051595436580028
0.051604282164188
0.051612658311112
0.051614480378815
0.051624199535462
0.051625475538514
0.051628289342428
0.051628457992835
0.051651920840603
0.05194735182741
0.051965267576133
0.051972447936091
0.052044680673408
0.052114529343106
0.052122902992721
0.052151333733788
0.05234434634642
0.052635446907574
0.052652583602274
0.052653757071837
0.052707322113873
0.052744086979045
0.052892020440127
0.052946403509451
0.052985115915272
0.053146749325265
0.053287904165215
0.053396494622975
0.053430171294494
0.057010110711856
0.059277379435607
0.059287444650261
0.059303934681684
0.05950490931682
0.059509193670312
0.059532611148097
0.059540171826173
0.059546195240672
0.059553260631907
0.05955358959636
0.059554714584619
0.059566714812905
0.059569761062033
0.059606218333024
0.059622637938065
0.065048135157788
0.065085337282959
0.065144293279413
0.065152713050411
0.065192185795127
0.074498915047232
0.074730546286659
0.074778392752561
0.074886993680059
0.074902574732672
0.075164789758786
0.075379495020002
0.075386379110758
0.075403810660079
0.075410874213804
0.07541348124811
0.075821173888237
0.075857614705172
0.075873537366108
0.075900444446851
0.078133592799863
0.078163338813578
0.078171185313037
0.078178242867785
0.078388777475412
