0.045147540530585
0.074839399489651
0.074840946673964
0.074846807209276
0.074849997408159
0.07487623530133
0.096042791684748
0.10180612020339
0.10191844840891
0.10780482641216
0.11004962897134
0.11798784408075
0.13140098961992
0.15309997389938
0.15311119554843
0.15312148701202
0.15312546830828
0.1531501849733
0.15320701642506
0.15321566853606
0.15321672329731
0.15321803510911
0.15323421585584
0.15325187989414
0.15328579398434
0.15328749081379
0.15330194941168
0.1533020819306
0.15335636015392
0.153427500101
0.15343718395925
0.15343807396055
0.15344520084957
0.15345309877939
0.15346753981332
0.1535033118435
0.15350632502078
0.15355974448609
0.15356073795863
0.15356125380745
0.15356193941401
0.15356208675593
0.15356884823049
0.15416835045097
0.1542376633921
0.15426454625194
0.15449175791112
0.24258081073134
0.24266108133217
0.24276149149914
0.25451165020541
0.25454992877509
0.25455548268522
0.2545700545646
0.25462524734607
0.25465813035941
0.25465978489891
0.2548523524175
0.26929369328387
0.26930036954151
0.26932654682215
0.26954683718588
0.26982638596898
