0.0052628556600587
0.0084738187748125
0.024915422583235
0.026253367710044
0.026312908162731
0.026342545898337
0.026349555576643
0.026352705400371
0.043847611654498
0.043848421437499
0.043998843075455
0.045751508214682
0.05779411602477
0.057796662539498
0.057986082777283
0.058872581345573
0.0604605347551
0.060490161742013
0.060516477175994
0.06067245500463
0.074397004332012
0.074399992577245
0.074400951216532
0.074414842518542
0.074419470899025
0.074420453775884
0.074436872694066
0.074446822255903
0.074451842708254
0.074609585989408
0.0746322453291
0.075331419206842
0.075352034500153
0.075355028465084
0.075356898738968
0.075361885582978
0.07536446396749
0.075378850377658
0.075382339173095
0.07539698645501
0.075408263403936
0.075426091878707
0.075436160946963
0.07545096332926
0.075769893729823
0.075783464395274
0.075793015382927
0.076464640411751
0.076569081643586
0.076588865946826
0.07659845983232
0.076598904214792
0.076625366851689
0.076629764822152
0.076637383722215
0.07664435861956
0.076717822160144
0.077474900581076
0.078653428895413
0.078671784384062
0.078675443222232
0.078677023137211
0.078683201443184
0.078686559157173
0.078687782035574
0.10382052923217
0.10383169590013
0.10384824652545
0.10385192624634
0.10387695903768
0.10388589211001
0.10389135607832
0.10390149197342
0.10391098279545
0.10392548600874
0.10394678127306
0.10398037200798
0.11458696994091
0.11459373627998
0.11460330523797
0.11462751789791
0.11501125710689
0.11568732323552
0.11568829288556
0.11572432287401
0.11574771552737
0.12280960541817
0.12283800959754
0.12342590135858
0.12345130308795
0.12346875610703
0.12350144996261
0.1235472537861
0.12358220219725
0.12359596846899
0.12394162958663
0.12394349322921
0.12394910785871
0.12395114679835
0.12400020272783
0.1240172321027
0.12402926163216
0.12407038202528
0.124070740579
0.12407740290396
0.12568885192561
0.12570621659365
0.12571459040903
0.12574254298529
0.12575177328664
0.12589403569559
0.12592029512562
0.12592457833785
0.12593079586309
0.12593880496911
0.12602474609386
0.1261123914703
0.1261582595472
0.13504190072684
0.13511062051158
0.15808819748061
0.16051112976841
0.16051618834905
0.16054508495794
0.16054693063025
0.16060224734771
0.16061217340662
0.16071607213677
0.16077367982539
0.16079695934753
0.16081507110161
0.16084314126558
0.16084804486618
0.16089360797496
0.16091233524551
0.16092601900124
0.16093050112853
0.16093071420451
0.16095729395129
0.16097543392542
0.16099872705174
0.16100702655558
0.16126024063218
0.18159274069966
0.18705471561694
0.18955403542388
0.1908483865156
0.19114241245515
0.19115418079837
0.19126574742671
0.19127405228446
0.19818320611085
0.27818836512217
0.27819710437755
0.28271560749265
0.28271569831826
0.28272048360845
0.28272345794048
0.28272704723592
0.28272803261622
0.28272820169025
0.28274048162137
0.28284428117923
0.28286407048735
0.28321600825822
0.28824425711834
0.2897674048947
0.28981347487043
0.28986053245709
0.28993290947463
0.2899499871911
0.28995214012131
0.28996353005213
0.28999538867511
0.29000384387819
0.29005157645359
0.29006814856507
0.290140123254
