0.0076855218924168
0.0078521367790254
0.011017157336375
0.016844085579335
0.02232092671542
0.032821713588259
0.04745698514202
0.060391109262963
0.060879718528951
0.061749463248931
0.061753232485577
0.061768881405254
0.061769885947848
0.061784004754377
0.061859197261447
0.061906896843619
0.067571072106231
0.083413985309847
0.083452934543171
0.083558107247684
0.083603525357776
0.083620767384182
0.08363057769973
0.083750960645169
0.086142177100371
0.088047322680386
0.089594983361733
0.1182678566345
0.12649179098344
0.13812321901982
0.1423711400954
0.15140815615908
0.15140959779633
0.15142729514397
0.15142895622747
0.15143098222354
0.15146586842001
0.15147158125868
0.15147312063617
0.15148547829276
0.15148779748106
0.15148822052877
0.15149470285236
0.15151715993009
0.1515266236408
0.15152709718623
0.1515347151771
0.15154986045741
0.16180432110915
