0.010160369541261
0.023164841186545
0.033936299936239
0.037958615463322
0.045034564080201
0.04537476124603
0.046016151185828
0.046078677907164
0.0468175834617
0.05467694721991
0.058375640608614
0.061228534024843
0.065134958859788
0.07705002697371
0.095762635426955
0.098293129739771
0.10453678017034
0.10602743646318
0.10797291757819
0.11931236182703
0.12723386976105
0.14680638326511
0.14681766314033
0.14947550869615
0.15142467514938
0.15174152930294
0.15861640006197
0.15864528644189
0.165232269163
0.16748549734924
0.18382911028131
0.19489909411254
0.19817313532441
0.21688295724174
0.21734517399019
0.2208630161926
0.22262145839862
0.23204572043332
0.24591292796324
0.26813311576707
0.26819176383254
0.26882127886263
0.27043143793342
0.27335510634954
0.28550096629956
0.30211215652445
0.31092930142245
0.31356867729132
0.34300435845892
0.34446922707152
0.35228204973731
0.35448179649859
0.36064799530268
0.3634391460041
0.36392837684549
0.36445110839916
0.36927127602782
0.37181550373053
0.38490103758894
0.41215001796623
0.41342555913551
0.43611804775757
0.43749436198204
0.47148729607195
0.49130664253385
0.49252325225638
0.49321011805562
0.49331444529898
0.49333790182052
0.49336342530005
0.49337519498395
0.49344175523756
0.49345597582795
0.49348149859831
0.49350866799932
0.49354428187358
0.49356192358854
0.49357501291342
0.49365638559223
0.50229576015568
0.50238684502575
0.5023884063991
0.50242056336922
0.50272117447545
0.50273536121759
0.50279324127781
0.50312204496272
0.50314037984881
0.5031962921332
0.50321352153285
0.50567175034758
0.50579508476416
0.50732820416048
0.51717426788043
0.54877931359064
0.5488392798378
0.54886837390641
0.54894003694493
0.55024032207432
0.56729808116996
0.59351169273791
0.594859831257
0.60052079861161
0.62380712576871
0.62702385858902
0.63865747424224
0.64802095618777
0.64896196785328
0.65222571409599
0.67072556510317
0.67112506353394
0.67649029170812
0.68140769933101
0.68410890854339
0.70526493412071
0.71530131339412
0.71865035479799
0.74547382388137
0.74570062897113
0.75283661178968
0.76371599977804
0.77342005253448
0.78192644622668
0.78192702330138
0.78207991807356
0.78208606654901
0.7821026258767
0.7821749350206
0.79530933031501
0.80179400224777
0.80191015185511
0.8019288253858
0.80285935836003
0.80527445433641
0.81383566300293
0.83315110080463
0.83315670610727
0.83315903697813
0.8332567956157
0.83326535375596
0.83326542407856
0.83329962389605
0.83969445866011
0.84654625416575
0.85693276364339
0.8570356025841
0.85706790702713
0.85777591030388
0.85828558528941
0.8702868645866
0.87166120779489
0.88072557689151
0.88074301391291
0.88090973870259
0.88091834392427
0.88095604370291
0.88098185823454
0.88231422467017
0.88446267820013
0.88547431745473
0.88581347360472
0.88581869319147
0.88595173880245
0.88595499841726
0.88598098762241
0.88602237752407
0.88602265041175
0.88602651649877
0.88603159254623
0.88605854317591
0.88618930572876
0.8861959209213
0.8862411871693
0.88642792023798
0.88642960540908
0.88645219030012
0.8869831799739
0.88966254196313
0.89026275521484
0.90554411359188
0.93728513701568
0.97010490016947
0.97075783881993
0.98117119513189
0.98964952728016
0.99577897111541
