1.1973199854384
1.1973676932878
1.1973686630498
1.1973921233851
1.1973939267156
1.1974393756001
1.1974450097289
1.1974458699814
1.1976280213451
1.1978917930654
1.1979341497056
1.2904778143543
1.2905006159762
1.2905537088823
1.2907649862571
1.2908434118431
1.4215567266423
1.4215586370984
1.4216262907912
1.4216286266474
1.4216399256469
1.428530366506
1.428572729357
1.4290297628464
1.4290666827724
1.4291254072307
1.4298024167023
1.4298516543985
1.4298516834337
1.4298787629922
1.4298966539843
1.4836381198148
1.4859677248536
1.4860369059486
1.4862191129202
1.486227266544
1.4862526002993
1.4863052877681
1.1621347234819
1.1621575190155
1.1621743239745
1.1621778961754
1.1621797902267
1.1622094402766
1.4638779874595
1.4639027650122
1.4639097899901
1.463918273868
1.4639191661151
1.4639254060359
1.4639851667173
1.4639898266009
1.4641820364608
1.4641858372397
1.4641907277755
1.4642623344016
1.2457852328926
1.2463060530751
1.2463384448586
1.2467044459828
1.246729080944
1.2475104115743
1.2475131396951
1.2475595702491
1.2475617871751
1.2475678618691
1.2476036757053
1.2476258728154
1.2476263605143
1.2476302987963
1.2476350753771
1.2476372619514
1.2476473641407
1.2476506256243
1.2490962820877
1.4558599270022
1.4558723252989
1.4558872762449
1.4566849299981
1.4567268638092
1.4567277423028
1.4567442285363
1.4567781540176
1.456812704592
1.4570112346525
1.457043762385
1.4601577618789
1.4601652129517
1.4622797575309
1.4623089235874
1.4636857256839
1.463694359519
1.4637036937397
1.4637085723548
1.463727148124
1.4637524289757
1.4637687859426
1.4637733893471
1.463783149368
1.4637877880486
1.4637992989927
1.4638513434351
1.4638744213197
1.463881843649
1.4638887924061
1.4639307775774
1.4639535602988
1.4639981865409
1.2599869098245
1.2601555507852
1.2601564458539
1.2601762252672
1.2601778392987
1.260218253376
1.2602362436304
1.2602742181189
1.2603085652723
1.2603087019007
1.2605076671992
1.2605166031755
1.260593443536
1.260627340062
1.2606293224812
1.2606433098421
1.2607006009357
1.2607086510482
1.2607251641969
1.2607601873897
1.2655168159784
1.2655594570105
1.2655605804035
1.2655987250868
1.265623199515
1.2656256989149
1.2656297121027
1.2658017811809
1.2665502929823
1.466747369645
1.3406851903186
1.3899290845815
1.390040249823
1.3900489107025
1.3900516626365
1.3900588208257
1.3900751994939
1.3900776956237
1.3900983313804
1.3900992416633
1.39010881585
1.3902118362285
1.3902400198229
1.3902413560464
1.3902957019387
1.4056056726186
1.4056275759874
1.405638270999
1.4056432249347
1.4057101061595
1.4060045391177
1.4063461107215
1.4065126361114
1.4065454601234
1.42647613723
1.4265127990414
1.4291781596994
1.4292128487112
1.4292317424874
1.4840217267974
1.2323591443194
1.233630611654
1.2336921489751
1.2695662655154
1.3887605270129
1.3909301358966
1.3909441821363
1.3909565028776
1.3909667534727
1.3909775311253
1.249672076788
1.2501928652439
1.2502022138752
