0.29845709514081
0.29953747170358
0.29958697304624
0.29959366530539
0.29961280023214
0.29961616354103
0.29980125645705
0.29986154152748
0.29986649298824
0.30000593087746
0.3000316544253
0.30005677690502
0.30017518871686
0.30017707420726
0.30027329558591
0.32796814643318
0.32798278444085
0.3280543630959
0.32806545476829
0.32818101961405
0.32819261300962
0.32824008893269
0.32837239818619
0.32870973422801
0.32871949507411
0.32872686903525
0.3287289011056
0.32873033384949
0.32873310715654
0.32885567459909
0.32885918473909
0.32886919626737
0.32889056880509
0.32900054812322
0.32903723492026
0.32983687891298
0.32984406144563
0.32985083910754
0.32986455199072
0.32990299343527
0.33000782580295
0.33002704542643
0.33004294937857
0.33008458163754
0.3301000619003
0.33010370702528
0.33010476200002
0.33011767313403
0.33012808586796
0.33013163000033
0.33014257003934
0.33014260839507
0.33016088689698
0.33016312281465
0.33017561651762
0.33024602023076
0.33037770929672
0.3311382727701
0.33117469879781
0.33147701893158
0.33149560311466
0.33160256806694
0.33160859752119
0.33175115235484
0.33177731727275
0.33179846793782
0.33181829016034
0.33189457162922
0.25677961310738
0.25687847602166
0.25699547396281
0.2570942582148
0.2577471445729
0.25775057948529
0.25777055002772
0.25791681589259
0.25846282545306
0.25854959205101
0.25856286231563
0.25858603496231
0.25859705731856
0.25909365314595
0.25909546911236
0.25911156765395
0.25911312552504
0.25914317632174
0.25918637565813
0.25937837287292
0.25941055472005
0.25942054326825
0.2595057176435
0.26305467700807
0.26305607890022
0.26307651607078
0.26309531531688
0.26314848231885
0.2631559544653
0.26315956986424
0.26324708156617
0.26388760712584
0.26405657541767
0.26411029001252
0.26411294013927
0.26413019553013
0.26414971185367
0.26415531653599
0.26420045324431
0.26422034905811
0.2642426571996
0.26430454173741
0.26448084976095
0.26452814255697
0.26453156535046
0.2645414297427
0.26454495507049
0.26456847774368
0.26460173365357
0.26466169143692
0.26466558989576
0.26467544339539
0.26468388996478
0.26471331738022
0.26471721329915
0.2647229730782
0.26473182196143
0.26474902036944
0.26475000911484
0.26479052602552
0.26484853180394
0.2649433656667
0.26496649788427
0.2650728415725
0.26528219973756
0.26562432110453
0.26564437012395
0.26570305227226
0.26572230352783
0.26573257110287
0.26573738201288
0.26574917576455
0.26575621190665
0.26576553165985
0.26577230812271
0.30982858727331
0.30992976811904
0.22203613735654
0.42419112420909
0.42420320546431
0.42420483068617
0.42422233332507
0.48542452221456
0.48664208635893
0.35011824109732
0.47709456642364
0.48952067993868
0.14475179428571
0.145196661575
0.14546042535534
0.14547863176642
0.24876020051365
0.24935050463942
0.24938118673368
0.24941664588525
0.24944301282948
0.24946029989244
0.24956966781929
0.41478858735993
0.4272644551985
0.4275215824691
0.42804162568923
0.42804483869165
0.42812129501168
0.42814380733775
0.42818049789126
0.42818671749641
0.42818771453708
0.42820122499673
0.42821516731563
0.42822836014775
0.42823142967381
0.42823278980359
0.42823801302833
0.0041777107391905
0.0044948848848079
0.0044988030909346
0.0045008038309956
0.004501748340055
0.0045034703096495
0.0045048755821502
0.0045084835887609
0.0045613282495112
0.13773761478308
0.10677663056784
0.10914598130597
0.10921903403115
0.10922424144107
0.10928178565806
