0.00058419093940107
0.0087577659444161
0.12014814255777
0.12015230628379
0.12016112109553
0.1201685038093
0.12017737467876
0.12018243428275
0.12018281318338
0.12018963190184
0.1202062522902
0.1202798338878
0.12030351012024
0.12030565396099
0.12030684902603
0.12034298295425
0.12042316588511
0.12049854760945
0.12707683850759
0.17866068069452
0.17993002187091
0.18002772698527
0.18003295343852
0.18015076780385
0.18623877779566
0.18640569392956
0.1864117322838
0.18648924996594
0.18650946834962
0.18651196165827
0.18651883455931
0.18654346555558
0.19743626544531
0.1974734083376
0.19747343417066
0.19760073347182
0.20694980547343
0.22484490657312
0.25289901561275
0.25299838015367
0.25300065710517
0.25300177859886
0.2530027124686
0.25300345364761
0.26539567063243
0.26733582316691
0.27309456808172
