2.0751410452704
2.0753646006031
2.0754368526162
2.0754407526599
2.0754470508002
2.0754496973175
2.0754558292298
2.075481210936
2.075483266088
2.0755045723838
2.0755067515658
2.0755113654345
2.0755417567195
2.0756045392126
2.0756086179622
2.0756796034715
2.0822787078226
2.0823422654387
2.0823511926219
2.0823999149296
2.0824241838619
2.0824417020148
2.082556699654
2.0875195416795
2.0875277374505
2.0875282169756
2.0875453654124
2.0877073115602
2.0877132229014
2.0877137117775
2.0877437509994
2.0878027744184
2.0880290967877
2.088029121678
2.0880332034053
2.0880348721164
2.0880627179858
2.0882225409476
2.0882557894763
2.0883237583892
2.0883568917363
2.0883792616206
2.0883810951449
2.0883983927832
2.088418340477
2.0884258975336
2.0884346888781
2.0884545272725
2.0884720008011
2.088475341909
2.0884917165754
2.088547096525
2.0885563245853
2.0885659288482
2.0885851294656
2.0885992160586
2.0886161360642
2.0886265220558
2.0886269847084
2.0886349884783
2.0886474145451
2.088649344301
2.0886740262824
2.0887014792358
2.0887021179484
2.0887247709116
2.088967389431
2.1133479764139
2.1133521093392
2.1137222547946
2.113853325239
2.1168272817211
2.1168349850624
2.1168499799808
2.1168528816263
2.1168572608396
2.117150630315
2.146165297587
2.1461995173081
2.1476847432226
2.1477479975782
2.1478004428621
2.1478179234408
2.1479265059279
2.1479296100428
2.1479335626331
2.1479754993456
2.1479840311702
2.148001373069
2.1480856659552
2.1481262224595
2.1481412320824
2.1495847359814
2.1500784146008
2.1602551361906
2.2145970996153
2.2146012091328
2.2147825483304
2.2148164133231
2.2148271460686
2.2149636223224
2.2149762037901
2.215077393788
2.2186337143491
2.2186530058408
2.2188445661516
2.2188455391483
2.2188577791644
2.2192367813147
2.2192867987489
2.2193151453369
2.2193215867262
2.2193722377354
2.2193963690385
2.2194434601178
2.2194483494932
2.2195608978125
2.2196118881007
2.2196687738843
2.2272331690633
2.2274057828663
2.2274132250116
2.2395737806302
2.239585243964
2.2395950724863
2.239609366354
2.23961282065
2.2396254811679
2.2396311694682
2.2396413989256
2.2396655088553
2.2396789832104
2.2396795248089
2.2396805005472
2.2396811176623
2.2396811863996
2.2396922525624
2.2396973130718
2.2397083830757
2.2398774047555
2.2401086196175
2.2401315457342
2.240168151366
2.2401866987109
2.2402032050805
2.240210205707
2.2402265953212
2.2437979568343
2.2438151812754
2.2438326700162
2.2440443939866
2.2440985185423
2.2441099285398
2.2980544468816
2.2981170471641
2.2981429104092
2.2982643636023
2.2997349500719
2.301391979272
2.3014123088892
2.3014687644949
2.3077916210862
2.3078013256483
2.3078066674968
2.3078576004164
2.3086901525772
2.3087131677428
2.3087353302127
2.3087402744551
2.3087503336109
2.3091489076846
2.3488346122679
2.3489103973125
2.3489128559741
2.3489378003252
2.348947862985
2.3489705368212
2.3489717270751
2.3489831652616
2.3490062272004
2.3490170027867
2.3490187085993
2.3490237943334
2.3491059643773
2.3491207982188
2.350383407323
2.3504100898414
2.3925073686572
2.3926178080025
2.3926293675104
2.4119857295575
2.4120931427529
2.4120966692574
2.4855370430983
2.485626060937
2.4867458678658
2.4867819966945
2.4867924033125
