0.0012397049405835
0.00323602005102
0.0074125948705703
0.0074188801399727
0.0074195216524436
0.007419957404562
0.0074576574165646
0.0075070389879651
0.023271290503149
0.035735096267967
0.035785705248771
0.035803050721096
0.035808988740486
0.035809678008137
0.035821765802843
0.03582316593059
0.035826975629696
0.035828008207407
0.035838618792782
0.035860198602736
0.035867052814083
0.036162587285623
0.036197434946788
0.054819896748372
0.054823139064892
0.054827069368186
0.054836303164728
0.054943895542066
0.054945479139793
0.0549553634768
0.063438361437867
0.065603651699494
0.065749965463044
0.065776463449111
0.06577654987059
0.065843969105813
0.077979998062759
0.078022798473824
0.078036206316269
0.078054114366787
0.07805774957095
0.078059433082525
0.078063252967064
0.078064080258019
0.078071976243969
0.078086826086123
0.078106907330768
0.078125189515904
0.078150938947602
0.078158299120092
0.078172375807253
0.078176241145384
0.078185012236224
0.078386263208416
0.078574292891949
0.078628922652874
0.078795440125754
0.079071244734702
0.079093369171838
0.080506539952271
0.080696641868423
0.080712384978804
0.091225087700121
0.0917232780556
0.093388140146903
0.10404238011646
0.11614089739667
0.13404659053168
0.13480574773966
0.13653436136652
0.13679856339172
0.13729252963779
0.13909263359902
0.14276993017348
0.14279511245478
0.14280335996272
0.14282339276793
0.14283163457454
0.14284132569804
0.14285780046712
0.1428632575865
0.14288631423068
0.14289828593174
0.14292141762801
0.14293280861731
0.14393511531945
0.14393527634325
0.14400649405889
0.15955160749642
0.16994318338916
0.17230821217102
0.17547782026225
0.17551676319628
0.17553088905974
0.17553331474473
0.1755411384199
0.17554332485376
0.17555305965286
0.17556233307692
0.17557978736793
0.17559522870691
0.17560560813135
0.17561871252308
0.1756199461702
0.17564287949955
0.17565029250666
0.17565137937347
0.17566924223139
0.17567771955138
0.1756813017015
0.17574561767753
0.17575525304232
0.17590129260291
0.17631736764936
0.18811284423404
0.18908595916099
