1.0001464794423
1.0213157257063
1.0213312433393
1.0213334636639
1.0213423784291
1.0444607907822
1.0445778063716
1.0446183622211
1.0446195149287
1.0446583081548
1.0446595915673
1.0446722985792
1.0446763749969
1.0446811255002
1.0446988901354
1.0447061403489
1.0447113983114
1.044713305203
1.0447405648738
1.0447432823197
1.0447469998359
1.0447813204627
1.044798700195
1.0448133048716
1.0448200113313
1.0448294048643
1.0448553115681
1.0448824693059
1.0449390607847
1.0449459783224
1.0531638831526
1.0531785986057
1.0533100340695
1.0533112633826
1.0533205281428
1.0533223516821
1.0533227974965
1.0533243540897
1.0533429727731
1.0533452456817
1.0533547093432
1.0533737855358
1.0533922616461
1.0534020209852
1.0534351268591
1.0534765610718
1.0537755008164
1.0537761334605
1.0538007465806
1.0538038768102
1.0538051651559
1.0538302551206
1.0538933227829
1.0542856236538
1.0543014753709
1.0701239458701
1.07062328933
1.0706435175379
1.0716630616914
1.0717424623538
1.0719524335713
1.0725443854665
1.072644935399
1.0726893171184
1.0727053091198
1.0727269267601
1.0727777722637
1.0728602497139
1.0728994958588
1.0729099001708
1.0729647776813
1.0739201066702
1.0739473386177
1.073967563149
1.0739763618827
1.0744805434615
1.0745269489637
1.0745314698644
