0.0044379529013026
0.010293326846695
0.023622268962531
0.029170265040243
0.037310495511364
0.065497282253747
0.067292468089262
0.06835826014731
0.068664879920332
0.06874175299341
0.068810093526765
0.10911370324775
0.1179421298742
0.12310865428392
0.12570674139203
0.13024394168845
0.13381204688194
0.13483493949381
0.13503085836134
0.13727246260811
0.13837399186437
0.14727555964003
0.19240899794574
0.19386223280537
0.19868728989188
0.1989198467907
0.19908906770172
0.19910129870577
0.19917358070258
0.2007804933163
0.20459279099864
0.2066275134247
0.20724231595436
0.20741729980153
0.20863857887043
0.20867040062878
0.20890909424384
0.21061444694508
0.21061639108246
0.21084895047937
0.21101554043693
0.22194276296928
0.22196364966397
0.22198651554985
0.22270464785868
0.22274423911222
0.22274460494155
0.22300553374392
0.22595262169284
0.24491633018433
0.24498244839324
0.24541513784919
0.24541547457676
0.24578582874232
0.24578647060151
0.24586946900283
0.2500987455902
0.25440226796458
0.25614373550779
0.27907018503667
0.29241984915158
0.30613136914959
0.33411926489723
0.34440090298428
0.34532519731336
0.3471333152798
0.35490346910039
0.3567045027064
0.35924448400699
0.39328821179619
0.42542061653807
0.43786722348035
0.48563268147919
0.5390234407021
0.54158088156755
0.55094717891068
0.57247006008206
0.57247910589024
0.57362712738592
0.59863089380991
0.61774216382571
0.6261741214987
0.66379438454923
0.69087958119747
0.69092187423338
0.72773686452913
0.72777944211429
0.72825428116844
0.73221186731088
0.75925961885446
0.76208049505106
0.7643292730545
0.7701540320265
0.78563580389259
0.78707262276697
0.7973078814701
0.79743233375395
0.79855406078252
0.8064307627446
0.80644545902415
0.80648209284569
0.80668584897381
0.80742286930869
0.80770377990709
0.80776324403073
0.80788936108152
0.80790699657265
0.80807922488816
0.80814958724476
0.80814980614728
0.8090399927144
0.80904120652062
0.80905261703157
0.80906646894951
0.80911326903817
0.81963479365082
0.82174175480705
0.83073452496997
0.83090938050262
0.84100852312586
0.84122481194818
0.8413582194081
0.84154584068099
0.84329340386206
0.85776566577098
0.8639821094256
0.91674933556403
0.92976944487376
0.92982733937967
0.9299537702155
0.93085529218674
0.9494197924894
0.95061362993831
0.95066722539685
0.95073666941182
0.9514769572862
0.95154384892898
0.95163968985122
0.95836200670965
0.97466809708666
