0.004150764852504
0.0072689338849431
0.014074535865005
0.022848723064017
0.033009081566795
0.035237854205452
0.03788972315641
0.038356098031823
0.040015166373474
0.046211876461208
0.052682170163627
0.078848837933787
0.09015433433549
0.10193887285444
0.10446675216766
0.10481559817988
0.11272454056397
0.11272585049878
0.11274115979403
0.11288100880976
0.11290544192399
0.11290724343006
0.11295870106917
0.11298302012628
0.12866408159735
0.13809206768431
0.15079653754519
0.17806992814764
0.18865611829737
0.18866305919123
0.18874866140365
0.18877790985401
0.18878784718477
0.18882330110373
0.18883264625709
0.18883265169941
0.18886802715318
0.18887650735189
0.1888934693383
0.18899486936781
0.18909024844094
0.18909843246451
0.18910175631993
0.18924403386461
0.18931143801665
0.18937092467592
0.19746414382809
0.20651668056751
0.2094598635062
0.25419278789899
0.27118316394064
0.27379590502579
0.27791517260008
0.27791832446034
0.27794419552275
0.27796147034418
0.27797037765891
0.27802696468597
0.27814539113922
0.29180486007212
0.29352227766036
0.31569958259692
0.32901035721018
0.33059612517222
0.33249424377924
0.33413445583062
0.33617036305419
0.34244404791332
0.34964756576737
0.35508948108008
0.35575673663954
0.35685266417403
0.35751349377395
0.36058536303696
0.36262885128327
0.3627424008152
0.36277233251596
0.36277511498334
0.3628021725384
0.36280567546808
0.36282233955058
0.36283306330001
0.36284249026399
0.36285826195501
0.36289203838168
0.36292249143146
0.36317056378302
0.36317248370121
0.36319568573854
0.36469571750482
0.36585594235003
0.37126687791714
0.38745271140178
0.39628928729801
0.39880379548968
0.40055300970916
0.40713912094566
0.41147792558113
0.41628350773487
0.42127431546351
0.44150889927566
0.44153398850497
0.4417129645157
0.44171996704495
0.44176141484258
0.44178802061268
0.44179002176574
0.44179711752798
0.44181791735446
0.44183133092273
0.44476757643049
0.44538762548432
0.44538926335151
0.44544763507465
0.4454601451456
0.44551425546001
0.44572915001159
0.44576021706935
0.44579251571031
0.44586873006595
0.44587470777234
0.44590916930572
0.4556734181057
0.45679886637804
0.46164378176937
0.46995945608859
0.47444961050752
0.47911999296723
0.4839899601892
0.486708100146
0.49429640760158
0.49757775086474
0.5332305383526
0.53328304245512
0.53332736486323
0.53333033456386
0.53335811085585
0.5339301528263
0.53402073786153
0.53403664735601
0.53426010828946
0.53431641427004
0.53433034143813
0.53436392052983
0.53438223701996
0.53439477805576
0.53440425016639
0.53441828885569
0.53441871723238
0.53442634785541
0.53555603931346
0.53556828616776
0.53603995747307
0.53767032734611
0.53769166448216
0.5377078419219
0.53776089557647
0.53778219247963
0.5377866663039
0.53781684395339
0.53782084013112
0.53787810995334
0.53803179957463
0.53881458999708
0.53886116994141
0.5391082186716
0.53966180555445
0.53969334520387
0.53970888990888
0.53971112829173
0.53973695806308
0.53974485165762
0.53975978380706
0.53976748823515
0.53978203412263
0.53978631535223
0.54072544323678
0.54742537176053
0.55346329397793
0.5548663651163
0.55773307958038
0.57154639908462
0.5715673748885
0.57197175334899
0.57223496545687
0.5722856376408
0.57248316322406
0.57262578474147
0.57274716859846
0.57277294226981
0.5727846333615
0.57279695061465
0.57279820200553
0.57280168838242
0.57281231753341
0.57287393603427
0.57304020548199
0.57308913518948
0.57312566407589
0.57313789249017
0.57400352798842
0.57758855636472
0.59370100365996
0.59490277597976
0.60171715762955
0.60548572127022
0.60629362226635
0.61586198262355
0.62452984443309
0.6298911210155
0.64286019789405
0.6429044485461
0.64540500563897
0.64923193596674
0.65356381289247
0.65577297990944
0.65578042063475
0.65578507024955
0.65580083001691
0.65628046063634
0.65628312312739
0.65634720230834
0.6563581540951
0.65639935183169
0.65867510487329
0.65872561196934
0.65895322696293
0.66578735576467
0.6658627640023
0.6658719943655
0.66591314529917
0.66600662942297
0.66601753573762
0.66606888895657
0.66607738735555
0.66608580104896
0.66615551664918
0.66745908240773
0.66747895182632
0.66748933833369
0.66762923321901
0.66768020487751
0.66772725951395
0.669369193733
0.67692835518256
0.67833854340622
0.67954118576809
0.67954530205498
0.67962576094881
0.6796469923902
0.67965288357921
0.67971025097466
0.67981998839981
0.6799751266232
0.68028251109938
0.68111146382791
0.6812116087544
0.68122593622267
0.68701278021855
0.68707549091357
0.68707812549121
0.68707867180982
0.68711044286001
0.68711649666054
0.68711955382905
0.68713454641148
0.68713559554541
0.68714944907628
0.68715042171867
0.68716795685232
0.68719809047158
0.68721037693651
0.68854499423206
0.69022489184524
0.69132390471305
0.69144488876071
0.69145898452295
0.69173549725426
0.69219574433803
0.6925646260521
0.69264250065486
0.69270210931923
0.69275837054686
0.69277742053562
0.70156264759433
0.72011108741266
0.72681748677467
0.72918626487606
0.73153344609639
0.75159431906992
0.76069907996234
0.7666388498652
0.77175497095522
0.79303741074677
0.79700121458763
0.79701434038217
0.79718048876249
0.79718084909236
0.79719107136765
0.79720252414022
0.79861340151383
0.79875630425557
0.79884377283803
0.79884448510675
0.79891452950953
0.7989486145662
0.7989844551563
0.79898471710581
0.798987853218
0.79899015289739
0.79899126148234
0.79900033135812
0.79902429337006
0.7990358556938
0.79904320704071
0.79904829478498
0.7990524361294
0.79906681835598
0.79919781779101
0.79926300152357
0.79951415199681
0.80115594988331
0.80125822085524
0.80362912572142
0.81181952492912
0.81590889211808
0.81963512743398
0.82087621365269
0.83141140269802
0.83633794247118
0.84957612120447
0.85227187584707
0.86872333453131
0.87496424097344
0.87771813734036
0.87805472793666
0.89342256943637
0.89814439000018
0.89819772390321
0.89821607696515
0.8982689315027
0.89827930587116
0.89828331882923
0.90242556975296
0.91585756355498
0.92202627535588
0.92608326854768
0.9447068195862
0.94584103005137
0.94783789068284
0.95194665377575
0.95577996807142
0.9607344497103
0.96304156670886
