0.0056521041724754
0.011524063437892
0.011524762942962
0.011551243891546
0.01185977468364
0.016545285309789
0.028559176791283
0.029366003889401
0.02939118618258
0.030370451980137
0.030453887197635
0.030457869405744
0.030491838692233
0.035693126956011
0.035699993630802
0.036317618769375
0.036376811407397
0.03638761329546
0.036396485467868
0.036400558495857
0.036402872620097
0.036420379031015
0.036443309778103
0.03645467509694
0.052595505806272
0.052632667387829
0.05269700914123
0.052749963004847
0.052759604617128
0.057048817306378
0.057139544428572
0.057156402951463
0.05716508312342
0.057193285287168
0.057221693443925
0.057249160633213
0.057259195161997
0.057343256296182
0.057385557981935
0.057514658868191
0.057531027491882
0.0575724389402
0.057618315758492
0.057622543216546
0.057645967823304
0.057679611095402
0.057681959650492
0.061083350060945
0.076347583188405
0.076352408655754
0.076356373450419
0.07648888443261
0.08356914025166
0.084313041527658
0.084342780289676
0.084369129695986
0.084387677995254
0.084395287008294
0.084404620349293
0.0844115345799
0.084429973671807
0.084932002324881
0.084977221669078
0.084996392403352
0.085027684227764
0.085091091259399
0.085093668027011
0.086081383871788
0.086109815778153
0.086181145001784
0.086269586559911
0.086305052401998
0.086323648281564
0.086346449916762
0.086390576582932
0.086391460281481
0.08716814810938
0.09949264209686
