0.0063699677583764
0.0091837208871384
0.0092006083313117
0.0092207597886496
0.0092442868236515
0.0092660837850411
0.0092708263750616
0.009292964490798
0.0093327180568742
0.0095703535132995
0.0096235031607554
0.010176290316479
0.011277409689551
0.012020953991183
0.012031196332834
0.012148193273999
0.012456599206815
0.012477347098294
0.012507704639633
0.012513242398828
0.012519361901658
0.012536810317127
0.012538806273728
0.012545489069535
0.012597657300677
0.012632991235888
0.012656594970889
0.012678621649649
0.012688583410919
0.012701615004232
0.012703099634136
0.012714831380029
0.012722283129653
0.012739011896888
0.012888033104327
0.012942444218878
0.012953356425209
0.012954539883139
0.012977227983897
0.012979491877168
0.012994467780062
0.013604835782186
0.013753953325704
0.013760161444907
0.013789626760122
0.016358348642715
0.016366416275629
0.016589804094396
0.017549195866812
0.017549350306127
0.017558364634635
0.022389181740912
0.022759357953173
0.022770071560973
0.022781903718199
0.022809883053158
0.030312840980673
0.030402325267898
0.030407483087962
0.032581386513771
0.06677744854458
0.067551421506462
0.067563290308963
0.067578724627322
0.067588912065187
0.067592623846901
0.067647074006722
0.067780467875632
0.067923833018384
0.067925379989557
0.068207722584399
0.068324084704218
0.068380295745106
0.06845136043828
0.06845545500939
0.068465667462329
0.068473385519822
0.068476670086711
0.068488830042726
0.06849716719168
0.06853879467803
0.068546018525275
0.0685501569526
0.068583933819505
0.075312631640888
0.11663803230814
0.1166650821285
0.11672182496777
0.11753636311602
0.11755867671316
0.1177234408731
0.1177616727996
0.11818065991369
0.11826714283177
0.11827620007253
0.151624834731
0.23180760087699
0.23234456467882
0.23964460668184
0.24892578616018
0.24979179026368
0.25008066664876
0.25008278878641
0.25021513839646
0.25024088156614
0.25036398382215
0.25071733563048
0.2514116989289
0.25167023093273
0.25167250632012
0.25168405627534
0.2517194256567
0.25172045889935
0.25177595599038
0.25178792359109
0.25181279397203
0.25182092558028
0.25238702903552
0.25249205252252
0.2531598716821
0.25324138078433
0.25327082418474
0.25327735068289
0.25333951929361
0.26344466698562
0.28410226766571
0.28990171875859
0.28995524053703
0.28996003363079
0.28996837881006
0.28997618973721
0.28998473202424
0.28999254860663
0.28999945640722
0.29001036211635
0.29002534171519
0.29003121549496
0.29003312603269
0.29009576475892
0.29010295287298
0.29015244965408
0.29015569046801
0.29015948542177
0.29016431540965
0.2901819448116
0.29018540311877
0.29018691840054
0.29020208895389
0.29020298222324
0.29020357974579
0.29020962581271
0.290239803093
0.29024315131078
0.29032767667081
0.29034159198819
0.29038037510735
0.29038348842156
