0.005497542171017
0.005551756511857
0.017417176899928
0.023842423367328
0.024388000529155
0.038532520504305
0.056507892457099
0.066857457573306
0.07802490415772
0.08428701996712
0.089716292857421
0.089741417447133
0.089744321580139
0.089835439569262
0.096749255488171
0.10882999604143
0.11221663042443
0.11551606680956
0.12070570739688
0.12898093566419
0.13382396685956
0.13791128425393
0.15207867704892
0.15354451399791
0.164009633427
0.16469233531099
0.17252985761774
0.18391442577896
0.18935702468408
0.18937988906057
0.18945601902523
0.18945953060684
0.18946524842704
0.21469486481757
0.22281445828182
0.22778428980852
0.23009077296715
0.23465494021818
0.25655568378312
0.26373188816079
0.26435131059547
0.26579227427187
0.26581615298488
0.26584365628887
0.26584660169312
0.26586261312917
0.26590259242328
0.26590424664687
0.26592146232541
0.2659326512388
0.26593463725531
0.26596456837579
0.26611586352899
0.26618886737058
0.26628106464024
0.26630678620412
0.26631027358828
0.26631667687612
0.26631887318476
0.2663422236926
0.26644032523686
0.26644241295212
0.26645568071301
0.27025815352673
0.27026572578638
0.27030856178623
0.27036444514386
0.27053101068364
0.27058213606307
0.27058710652792
0.27059080620143
0.27059637225199
0.27067678311109
0.27070095989977
0.27075970392671
0.27077708988551
0.27080137163263
0.27083399872099
0.27086579529454
0.27181624536803
0.2718179183678
0.27182379723599
0.27182634540083
0.27183787653966
0.27184972147275
0.27185640641537
0.27187416920153
0.27188386284809
0.27188784017853
0.27190584636096
0.27195877280968
0.27196841311672
0.27196980996883
0.27197994879719
0.27198224200565
0.2719832022449
0.27199066425811
0.27202655889495
0.28002383703369
0.28713783104036
0.29374118238738
0.30049867096835
0.34612069558946
0.35381643427493
0.356732020121
0.37411885924713
0.37619104044902
0.40272454861509
0.40620042656398
0.41766485645041
0.41767392729734
0.41767411903427
0.41767870679439
0.41768054730479
0.41771159383322
0.41771560678873
0.41799643012075
0.42949147514004
0.43950480464234
0.44823081874795
0.45029649728493
0.45074523412719
0.45238148264417
0.46085746940852
0.47001963213461
0.47003481527182
0.47003570632159
0.47003650477652
0.47008802210666
0.47011748029372
0.47013206594201
0.47015211131701
0.48236647033063
0.48575666830898
0.4883155379863
0.51853672832307
0.53367833407481
0.53369635203487
0.53648899788228
0.56045344916204
0.56254496299877
0.56257918548594
0.56261961436758
0.5627335652692
0.58408850819034
0.58908895442801
0.59270287692421
0.59790250373695
0.60125291080229
0.61831005186009
0.61951351638118
0.62458086491881
0.62542564149619
0.62945022396557
0.64969073439328
0.64999116232107
0.6499978650014
0.65002961704461
0.65151533149421
0.65151796439675
0.65152642283677
0.65152854106829
0.65154383683758
0.6517037312683
0.65173083546783
0.65173742589276
0.65174134072255
0.65174494895254
0.65175928426974
0.65176651704378
0.65177822777867
0.65180026268703
0.66037541484996
0.66888105326477
0.67275857787975
0.67916068540311
0.67927207293958
0.67928222868141
0.67928339888286
0.6792880241684
0.67929016028948
0.67931457203289
0.67942893698324
0.67954956090435
0.69478500387353
0.6950010594486
0.6950085714174
0.69506406941023
0.69509813920459
0.69510854161135
0.69511828884634
0.69628456580621
0.69630484365628
0.69657501526606
0.69718517304574
0.69728705710132
0.69732181102782
0.69734101817546
0.69738654191127
0.69790498387857
0.69881045656792
0.69921204808835
0.69921938674996
0.69922050299345
0.69922499765219
0.69925414257426
0.69929254709554
0.69932210829154
0.69932273131881
0.69933549223103
0.69934341069835
0.69942270315099
0.69943838142748
0.69944322085025
0.69947057154065
0.69948301645356
0.69948528363898
0.69949106957346
0.69949625518402
0.69949786754608
0.69949833934204
0.69951192486233
0.69985628147369
0.69986413710217
0.69986739620808
0.69987584711956
0.69990786065558
0.69993261904969
0.6999503018978
0.70103453941788
0.70113910706653
0.70115094165114
0.7011560023199
0.70119652459646
0.70121068290215
0.70121941486407
0.70122648729543
0.70122698447064
0.70122945207538
0.70127411544612
0.70128849087892
0.70133533304282
0.71025485708415
0.72450984947162
0.73038337780973
0.7392138253774
0.74426071658816
0.74459629324269
0.75951820311124
0.76532390439034
0.76564112581024
0.76567900860866
0.76572733743342
0.76573046924773
0.7657352793876
0.76574129792088
0.76574487285017
0.76574659570559
0.76587357479399
0.76588381563327
0.76735726772244
0.76820885333586
0.76823887564614
0.76823910111215
0.7682555674284
0.76828339148946
0.76835129946945
0.76836568921985
0.76837274797863
0.76837504487529
0.76838012231537
0.76840617908449
0.76843632670782
0.76844654055298
0.76851318374442
0.76851389915337
0.7685322479932
0.76853667270831
0.76854434172861
0.76878796804662
0.76880001034327
0.76898851776523
0.77167877648812
0.77564099515111
0.78203223357605
0.7906556955036
0.79394377281149
0.7976540387751
0.80437151567769
0.80646682178179
0.81869171680493
0.83455050431691
0.84360514843799
0.84486913140065
0.8448707286335
0.84488448876262
0.84490972359105
0.84491369589334
0.84491811120625
0.84493811094515
0.84494340879385
0.84494819977189
0.84497545510819
0.8452177463196
0.85422223275023
0.85440606407366
0.85442072090985
0.89892074419016
0.90849877964635
0.90920216703519
0.91000666501329
0.93909649133359
0.93914092249254
0.94049499939456
0.94074160035949
0.95126387593048
0.95449004068078
0.96177687433522
0.96836838521367
0.97350879891983
0.97353391855242
0.97363738533833
0.97368442740722
0.97370148643016
0.97370929928589
0.97371067557572
0.97373468931962
0.97374179088244
0.97374734473081
0.97374993112472
0.97375997879287
0.97382090740504
0.97383657517115
0.97392381973576
0.97392485244979
0.97602407723317
0.97615436281701
0.9761628043499
0.97621198730574
0.97904967600886
0.98177071320856
0.98183352402067
0.98183600416655
0.98184439216058
0.98204899488067
0.98208207501408
0.98208241199335
0.98210512808233
0.98213671554105
0.98249638801729
