0.012244263183125
0.035695238084817
0.035710097522738
0.035725284218415
0.035725747661426
0.035779135572545
0.035780345850934
0.035794629869319
0.035795706103792
0.035805733147403
0.035810745081414
0.035811411685457
0.035811806946332
0.035819639167121
0.03582034689271
0.038802879074128
0.039235207453786
0.044160208577205
0.0500706046122
0.067143736348202
0.076502287995619
0.077169486180293
0.07918385984836
0.079311058460852
0.079354409753293
0.079371596382909
0.079536152457343
0.086118452238755
0.12103213214117
0.12110848610272
0.12111504803651
0.12118086631635
0.12131763028194
0.12134120545495
0.12138969884911
0.12752457922073
0.13942888983466
0.15330328388131
0.15332221374308
0.15337536016243
0.15347130251729
0.18999805585985
0.19950380345813
0.2003206196693
0.20034850872099
0.21009737626999
0.2116511478874
0.21176724010141
0.21248503889097
0.21248764786896
0.21249193201774
0.21326590622825
0.2132691171392
0.21328280116628
0.21330406605206
0.21579381246136
0.21604216884385
0.21607164577793
0.21607394049319
0.21613433182133
0.2168518702534
0.21692602806786
0.21697286431263
0.21741845814016
0.21743557686941
0.21748249641763
0.21835378811649
0.2358374979497
0.23817056400914
0.24291046650703
0.2435127233865
0.24520612558012
0.26116436493274
0.2621017051009
0.26631104106087
0.274390633429
0.28801455448719
0.29661511426958
0.29978961403653
0.30386833995901
0.30544351652014
0.35480076521093
0.35591223179009
0.35592153531065
0.3564773084772
0.35980386459596
0.36382810863174
0.37590597556584
0.37832800374129
0.38300874193619
0.38401591516917
0.39488941254225
0.39708019136771
0.40224534497092
0.40228554981492
0.40927307923679
0.42004466788956
0.42229987067228
0.42528945020913
0.42530708045263
0.42533238782741
0.42539114243721
0.42750536605862
0.42752879144773
0.4299436507516
0.42997233852551
0.43000392449307
0.43791930933129
0.44960764846155
0.45519549155951
0.46308134054538
0.47446900219765
0.47538482097867
0.4761312521987
0.48355557112556
0.48706280239788
0.49303710607091
0.5017827410506
0.50780147815649
0.5106972882405
0.52188423735448
0.53791227397196
0.55236572850086
0.55237451853302
0.55238883909607
0.55239650473052
0.55239893174567
0.55240114858529
0.55244715713334
0.55245169985726
0.55245189661268
0.55245711052304
0.55245895635787
0.55248663348066
0.55251950597698
0.55253052408507
0.5526454878386
0.55265204016779
0.55265570505847
0.55269073933165
0.5532227270102
0.55322489291216
0.55322627529192
0.5534995511166
0.55351970477686
0.55352403056411
0.55355766478984
0.55367324643782
0.55376701017219
0.55443088504189
0.55989971262122
0.56467136089548
0.56555977885527
0.57977609518481
0.58446917510365
0.58906251829808
0.59006346983816
0.59091392506381
0.59969851006715
0.6029320643804
0.60302378620822
0.60302721443044
0.603029333945
0.60305684893987
0.60319714904118
0.6032577227197
0.60331102514385
0.60342338086872
0.60343362240525
0.60344018833143
0.60344396642312
0.60347608171519
0.60350030769279
0.60353260132232
0.6037083745492
0.60381016812509
0.60383092746837
0.60508928941116
0.60603834675636
0.60799154166526
0.61090377956077
0.62192271100987
0.64352936553229
0.65644331775303
0.65645234781711
0.65649273137112
0.65649329152697
0.65649356561782
0.65650370386067
0.65650551543508
0.65650668520353
0.65651021181268
0.65653192405322
0.65654855305982
0.65660875055029
0.66116221524233
0.68624048523628
0.69243298976693
0.70102525448044
0.70638298314131
0.70652419035799
0.70955400289174
0.71654172151975
0.71744050432194
0.73295039645163
0.74911556880612
0.7568005478121
0.76149965946585
0.7644830733358
0.77531954685098
0.77532629485431
0.77533078869052
0.7753362312757
0.77533815995428
0.77533958141603
0.77536880253144
0.78009980942984
0.7806587885576
0.78129361888605
0.79048921855939
0.79695047339093
0.80277156072928
0.81439270180791
0.81712894449412
0.8342213831836
0.83485584820801
0.83893420328691
0.86217755255843
0.87258004529963
0.88905118079525
0.88991425464856
0.91323771403953
0.91851149720712
0.91851643798078
0.91853965914387
0.91854558670623
0.91855869492307
0.91975023665462
0.95471178947659
