1.558326436344
2.5171068043775
2.527627724714
2.5276630491024
2.5278229858055
2.5278404213674
2.5278523938901
2.9414640221722
3.0609009850662
3.0609351742362
3.0609665682914
3.06099316602
3.0609938202324
3.0610014107122
3.0923380757893
3.5940978995654
3.5950585406377
4.0854078728649
4.0858141116503
4.829053451969
4.8290590277774
4.8290974017133
4.8291408572488
4.8291464868349
4.9070933884516
4.907267009055
5.4109340932226
5.4109683692999
5.4109774122353
5.4109919827899
5.5426821646304
5.5428724660919
5.5428933047206
5.621734536984
5.6217972763051
5.6217980925319
5.6218698105681
5.6229452041635
5.6536200869737
5.6537115707438
5.6538361815532
5.6538411475292
5.6540452223673
5.6540617889974
5.6540707635599
6.2998187684289
6.3001805157503
6.3003998278664
7.1628493441037
7.1628522237443
7.1629849430819
7.1629992577966
7.1630477236469
7.1630724101952
7.1630726002158
7.1633217573999
7.1633429067629
7.1633625618061
7.1633626502069
7.1634062652308
7.6242742426896
7.6266314514152
8.0929105587297
8.0929530899764
8.8488647011749
9.1411032019442
9.1411854510954
9.1413162838129
9.2348215635586
9.2352287291874
9.2352360564232
9.2352390861673
9.9179442526961
9.9180793833681
9.9181110601744
9.9182527350445
9.9182868133402
9.9182931354139
9.9184672716757
9.9184913035013
9.9189397210776
9.9189404058112
10.424336451117
10.433067418722
10.452897410012
10.453035230613
10.477571660998
10.477800100571
12.315022984097
12.315066414414
12.315554357809
12.465421295517
12.993933444237
12.994064188854
12.994095636555
13.573785163237
13.573802245458
13.926742868269
13.927504563723
13.927529588544
13.927971877258
13.927983537
14.072025605401
14.380894913274
14.690545577118
14.690593190473
14.690665600515
15.508306917815
17.084324982436
18.52659481867
18.526758401835
18.526962591512
18.527022893248
18.527034608669
18.654906491747
19.326698308911
19.931133076445
19.939258936463
19.939433948402
19.949112662084
19.950200757725
19.950832060469
19.950865896298
19.95088502141
19.952477204113
0.42480767819009
0.42481837657873
0.42493923258806
0.69209360336454
0.69333205942276
0.69350026358184
0.6935019011384
1.6896330105131
1.689794535677
1.6902130548767
1.6902548876047
1.77397408044
2.5151429735526
2.5151471737162
2.5152285502956
2.5152515387558
2.5152696044085
2.5317779151566
2.5319024507563
2.5399002334846
2.540019336244
2.5402947140518
2.5403265022054
2.5404687374003
2.5404897574474
2.5405971461238
3.363704915443
3.36442802813
3.5320883923715
3.5321428886775
3.5321442584589
3.5324004692435
3.5325388156875
3.5325395934482
4.1678918772137
4.171357421744
4.9844143013363
4.9844971935081
4.9851591478214
4.9855446488218
4.9855496398103
4.9856327469693
4.985724086046
4.9857329779916
4.9857483770289
4.9858738027491
5.6466016950529
5.6732094244483
6.458933541011
6.4589407712498
6.4592895316894
6.4593654357148
6.4603500765402
8.1378932932544
8.3419006962897
8.4441940985192
8.4442057875457
8.4443596159804
8.4445142877955
8.8711039176724
8.8712868294268
8.8713000364371
8.8715914924971
8.8754385066525
8.875454552516
8.8756329528022
8.8757539151881
8.8757665061594
9.3488321231199
9.4769820873622
9.4770591640621
9.4771693274458
9.47747829641
9.4775408826555
9.4775423429032
9.4776938013812
9.4779837101279
9.4780177908609
9.4780510966999
9.4785881137052
9.4787448253465
9.4788273811353
9.4792174173432
10.745687550489
10.745826832589
10.745843324613
10.745993949865
10.746053075035
10.746079324695
10.746101638897
10.746109941017
10.746222176286
10.747180706466
10.747384658736
10.776664848325
11.23574812627
11.482013064552
11.531113625861
12.755708728329
12.755712306354
12.755712424533
13.587276191401
13.587301006713
13.587460819014
13.587537599333
13.587606691534
14.13491126825
14.395266937675
14.409569535958
14.498125694289
14.500159074137
14.502501017567
14.502557235113
14.502652502985
14.502681169893
14.502693118842
14.512077761914
14.512116784096
14.526429520835
14.526434090936
14.526438129382
14.526445412864
14.52645031704
14.526542661024
14.526678822492
14.719621019002
15.199869090465
15.200045764984
15.200121807338
15.201806530404
15.201860951895
15.201866761729
15.20189425263
15.579397542463
15.886409243752
16.236239340663
16.253691920369
16.259400598182
16.259401009178
16.259416482398
16.411983789419
16.411983804527
16.412333141341
16.683246505246
16.683246746296
17.09593248424
17.096171869342
17.778280183302
17.778844376741
17.778866515134
17.828578478869
18.166900087949
18.167159142835
18.167710492655
18.170340002763
18.733711783113
18.745043410012
18.750265955192
18.750300161167
18.750305499836
18.750309075829
18.752399233945
18.752424248066
18.752425105952
18.752505320161
18.752584130847
18.7525855488
0.018956894783548
0.019013285847202
0.084056564645711
0.084139237345571
0.084482319449108
0.084874822814618
0.83177153717657
1.3342672544255
1.334273504196
1.3343545368498
1.3343600177432
1.3343760514131
1.3345311138819
1.3347058027048
1.3347115341918
1.3347193937465
1.3347220675846
1.334723270438
1.3348007292237
1.3348257655782
1.3349786912332
1.3394248933518
1.3395508846852
1.3434208120091
1.3434264094269
1.3443106693076
1.3666296977762
1.3666566519314
1.3667891936884
1.3668224784436
1.3668678515856
1.6662729806615
1.6670694538705
1.6670812316748
1.667125670122
1.6671288032746
1.6671550843001
1.7156382440774
2.2277603580392
2.2280955598751
2.2281116877381
2.2281386455197
2.230865123171
2.2309118323371
2.2309232078654
2.532031759727
2.532039807306
3.7686159169153
3.7688017084739
3.9937110382721
3.9942996938252
3.9943135367654
3.9945985266021
3.9946387579188
3.9949510229675
4.0288654599789
4.0523332043241
4.0525307835904
4.0526753824526
4.0526958920492
4.0527072244643
4.0527237938942
4.0527378143744
4.0527970110267
4.0528279336176
4.0528323477658
4.0528399095281
4.0529056647606
4.0733501120254
4.0733512277694
4.0734694753268
4.0755455439672
4.0757454813151
4.0764064864535
4.0764090609826
4.0764115946364
4.0764115975855
4.0767336165685
4.0768645614866
4.0769240186899
4.4458500396423
5.1767966015678
5.1768541529876
5.1771681385537
5.1771969950253
5.1778013940413
5.2643034698004
5.5519886494377
5.5520694425194
5.5521159161781
5.5521385465915
5.6335059270917
5.6335503658041
5.6336071522364
6.8333966371635
6.8624583575798
6.8863859335609
6.8863963953361
7.179284996961
7.1796470298319
7.1796617971725
7.1797887267888
7.1798504658426
7.179914104531
7.1799964913977
7.1816444946593
7.1816624612772
7.1816993105528
7.1817035762001
7.1817511180969
7.1818349973819
7.1818947569891
7.1818957098244
7.181899766645
7.1819894894976
7.1820117748977
7.1820150803803
7.1820563099645
7.1820992470258
7.4058088343917
7.8435429680461
7.8436192797538
7.8449815341689
8.2502085809087
8.2502964357266
9.6415212380806
9.7569038904566
9.7569899730358
9.7570318420658
9.7570581902859
9.7750517787944
10.038464897336
10.039731409858
10.039891927474
10.039893611736
10.040263706861
10.995732120384
11.525640994156
11.525662117254
11.526032698875
11.52608628561
11.527157303379
11.527343964189
11.527696266964
12.148206588818
12.177295365307
12.186937250113
12.275194710718
12.275838597892
12.275880021621
12.275928241808
12.27623780274
12.27639528691
12.276432753167
12.276432986373
12.364486929646
12.364493665692
12.364538098268
12.364562835717
12.364563071502
12.364617087344
12.364626718791
12.364636899362
12.364672561359
12.364674664723
12.364860091447
12.365214538993
12.571646925513
12.722193293406
14.137186245052
14.137303330078
14.137400138412
14.137417353748
14.137557709439
14.366469181061
15.266629716533
15.266698883628
15.266801325832
15.26680433951
15.576212269718
15.576265864596
15.576641292974
15.576730507581
16.876544152061
16.877603019876
16.877636838301
16.877651144033
16.877738985698
16.877779364803
16.877953496117
16.877979984278
16.878067304187
16.878077274158
16.87817824584
16.878200645915
16.878233173928
16.878458882889
16.878506275878
16.87851869292
16.878529420426
16.878529847386
17.91461580578
17.914645659458
19.444846197475
19.44505600002
19.445292221954
0.30465257435001
0.31081023555096
0.3117617053816
0.31177091633821
0.31178575071247
0.31187628256356
0.31209729580787
0.39279290325581
0.3930652113338
0.39349856685393
0.39351056045136
0.3935146724613
0.39363006563643
0.39373265554909
