0.011605655325608
0.020708098107329
0.041811461049606
0.050316409107781
0.057350732439959
0.065651689595437
0.07393350306553
0.074268313880171
0.074333260178468
0.074356937912676
0.074374871788241
0.074466983836456
0.074473292731706
0.074648195522144
0.074708820303302
0.074898755536924
0.075968497916258
0.076094325052737
0.076164393104749
0.076305312747522
0.076357812621022
0.07635840669865
0.076391039234509
0.076408917246226
0.076579535565479
0.077362371939061
0.077417887780814
0.077487178015722
0.079341594039434
0.080201601708724
0.083274719590351
0.083309824492206
0.08331061226709
0.083315970492135
0.083412872698909
0.083521724260839
0.083611732838212
0.084102871518657
0.084114261475291
0.097816635172763
0.11430086803065
0.12022497443857
0.12455549393207
0.13367445144166
0.13472126919494
0.13800926997885
0.13804553293014
0.138053889558
0.14894388243681
0.1505232120428
0.15254442088766
0.15337608900794
0.17089392535218
0.1720738863261
0.17830389770447
0.17895398047945
0.17896711699317
0.17900016937676
0.17904974858146
0.17906636055367
0.17909199010112
0.17909422568146
0.17909911003617
0.17911585903943
0.17918118333869
0.182117280198
0.18869803857003
0.19547164199535
0.20581704437916
0.20588173172504
0.20864621207682
0.21699396671135
0.21855219254744
0.21998357103906
0.22301040771872
0.22302812478232
0.22305243840273
0.22309942613304
0.2231008625345
0.22311683864094
0.22315731416194
0.22600266812275
0.22604509814811
0.2262046208763
0.22731287688511
0.24804059462093
0.26227452219057
0.26807625289625
0.27477772893925
0.27878857681022
0.27986668834223
0.28186430648932
0.29487898312163
0.29694062120899
0.29768812492558
0.303148484802
0.3032360519695
0.30325185394367
0.30327395366682
0.30327406997751
0.30637991872554
0.3171271244287
0.32274211977057
0.32576325882853
0.34101445055425
0.34400406068213
0.34938141278523
0.3497829743972
0.35398158784141
0.3575396506085
0.35918274637715
0.38599488362222
0.39454709000093
0.40521612575667
0.41122529084259
0.41474526469581
0.42564396432425
0.42794513621447
0.43395170576646
0.45183167046855
0.46619395441312
0.47082189059358
0.48080294310537
0.48396673841342
0.49299705701102
0.49311989659858
0.49324415700941
0.49334269178575
0.49334280111881
0.49334928703591
0.49335051325179
0.49335244926244
0.49335694447716
0.49337273872215
0.51277143187416
0.5133712433363
0.51814920794795
0.5197939977793
0.53603606395136
0.54485377855538
0.54740352539285
0.54741488746683
0.55318680661705
0.55703299163882
0.56861408766235
0.58198104211601
0.58386095394796
0.58422088288352
0.58680394081726
0.58918801728592
0.59398526533817
0.60186598794968
0.60650267898864
0.61068875472798
0.6130170298511
0.61426320347367
0.63354027395363
0.64089144032578
0.64470804473666
0.64483046991241
0.6450124770236
0.64503707713607
0.65756100178351
0.65878578965294
0.65955650309273
0.67092815297774
0.69641090891035
0.70241589606472
0.70718224323369
0.70975564882738
0.71520171847355
0.72104973373266
0.7310468583418
0.73995198164052
0.74361450969779
0.74711990543507
0.76171840817759
0.76759129034855
0.78335883363935
0.79365649970608
0.80268651912201
0.81128760629631
0.81588227015224
0.81590263846315
0.81682817955555
0.81687412447718
0.81701148651055
0.81757256359305
0.8176975827412
0.81769793842123
0.81781099791871
0.81787041050298
0.81788059928518
0.83096218286252
0.84108055082225
0.84145504640833
0.86058082684654
0.86192539364705
0.86309120409542
0.86904958710246
0.8761623870193
0.88235124090825
0.89392873467035
0.90426216998542
0.90880657183461
0.91212889898403
0.91917068497993
0.92592871372057
0.93041750572691
0.93346944016186
0.93934148669983
0.96056685303031
0.97173583596283
0.98388240084594
0.98810035025482
0.99031687490665
0.99543929158308
