0.00021258977031336
0.00022977038093996
0.00030983031808423
0.0012691445956318
0.0012727642173296
0.001285104751907
0.0013028274731606
0.001305904741468
0.0013328451184162
0.0013922290570953
0.0014904694664979
0.0015047085628028
0.0015070900287106
0.0015287036984305
0.0015428585418565
0.0015536376318227
0.0015643636481069
0.001570957250901
0.0015777093258941
0.0015893978158899
0.0015985089540306
0.001646842936843
0.0017102085332515
0.0017115279134981
0.0017142438781723
0.0017186239893534
0.0017314978513477
0.0017383644093565
0.0017395474816048
0.0017454565135045
0.0017783208797266
0.0017786971643405
0.0017925639686119
0.0017927559657186
0.0017946047080623
0.0018246319621216
0.0018990323321802
0.0019033104168393
0.0019548089009473
0.002040944553412
