0.0053538481167305
0.014637805402963
0.033058831650982
0.037853621994824
0.03958652806546
0.040098283177146
0.040323857676719
0.040401869285831
0.040420253118645
0.040420755620146
0.040442667802157
0.040521743144952
0.040539695522096
0.040539847174748
0.040554181961112
0.040900487993002
0.043479053446528
0.053032660281998
0.072290923674617
0.10684959651571
0.11090816945675
0.11138122220883
0.12434153206508
0.12893507412694
0.13031484842536
0.13066552453376
0.13081319127881
0.13455594618093
0.14967260628753
0.16226132285742
0.16873340733778
0.18419298263056
0.19008001376415
0.20069795452382
0.21137481580181
0.21141120588107
0.21377752277017
0.2148966873536
0.21547074089144
0.21908861139084
0.2191022777776
0.21913442991707
0.23798762995546
0.2447141018096
0.2495225001246
0.25334003038237
0.26080011949053
0.2647112383869
0.27705379156782
0.29615913207145
0.30612081212262
0.31687156012507
0.31949468105783
0.34340938343164
0.37640261381162
0.37747851926628
