0.00011636707009522
0.00012982621369118
0.0001583063257202
0.0040235057873771
0.0053005399062587
0.0053170443152922
0.005453755685722
0.0054650934617825
0.0077218005824301
0.0077651124445363
0.0078429361152583
0.010719944612937
0.010738364767104
0.011143272920713
0.01115210011734
0.011169886836559
0.011496140903177
0.011520090281071
0.011688710359519
0.012918839178399
0.013078753095615
0.013293895174635
0.014624602664381
0.014772636621391
0.01604197213802
0.016072388896335
0.01621735008045
0.016302288505014
0.016424223326718
0.016426281056378
0.019865904059691
0.019926227334053
0.019946018895432
0.020328646953919
0.022886814937765
0.022899543804505
0.022917334436881
0.024303922357164
0.025019028461955
0.025179035614527
0.025335831864644
0.026979282983763
0.027175445987977
0.027765879379955
0.029086018770979
0.039902625198461
0.040002859152102
0.040547929548112
0.040628610993375
0.040638254955692
0.041508434192648
0.041649007958551
0.041656864955573
0.042624957522937
0.043945620152803
0.044580172483631
0.044602158374899
0.045139294679458
0.045175803607645
0.045859100712382
0.045876393431247
0.04636932921426
0.046505497579593
0.046520093278105
0.046521040546138
0.047735850876821
0.047778269035879
0.047809879058752
0.048348672343828
0.048553045395373
0.048655992442838
0.049654891138291
0.051529364711824
0.052032109505046
0.052351450598188
0.05244080922568
0.052540025377442
0.052588888173255
0.053197509033749
0.053254996685399
0.05452161236225
0.055003993971382
0.055999366251528
0.056074102677214
0.056440685573772
0.056953775056862
0.058034563629444
0.058075814201611
0.058118569916203
0.059994860847218
0.060002301073741
0.062478437647962
0.063587019914045
0.065745058938824
0.065872828821047
0.067328878851679
0.069762223169677
0.069773758100749
0.069787850230923
0.069819948992202
0.069861016922189
0.070059098964512
0.070277742331117
0.073789378142029
0.076377740439181
0.078684181003407
0.08280301352403
0.083005261339443
0.08346840398091
0.083890306518355
0.08610180844137
0.086119607995604
0.086329366752308
0.086330760778485
0.086334408342563
0.086334892225792
0.086610871404423
0.086613626136429
0.086618733164109
0.089450873892198
0.094490485673223
0.094503788445923
0.094508363836855
0.094588525232122
0.094601950891849
0.094608132418778
0.095394882105733
0.095687998094277
0.095746196189025
0.097616703951891
0.097651220070009
0.098373762742561
0.098596442267248
0.098760720601489
0.098770082649941
0.098852567256357
0.099231465668962
0.099772556022493
0.099830039179391
0.099928614947104
0.0027576649787071
0.0038978303919777
0.0040537247474533
0.00436707561521
0.0072988228158666
0.019618742251188
0.019672256851571
0.019831278671263
0.022077622355908
0.03266525780529
0.044255563839181
0.044332408925534
0.055495406358239
0.055713319845352
0.058861556450272
0.058961166379086
0.086498427474303
0.092729818666198
0.093342842711925
0.093389390037339
0.094456521551332
